8.500000000000000000e+01
8.356687795166625676e+01
8.538584404212370771e+01
8.549273348687670193e+01
8.597077108547574653e+01
8.379379076285891870e+01
8.427640689766671755e+01
8.395782553584280095e+01
8.308506355164367108e+01
8.216540902287897552e+01
8.145317841316017393e+01
8.225938742926447844e+01
8.167186274362454412e+01
8.238336985268348656e+01
8.357883702658550362e+01
8.369597152600255185e+01
8.376105991207120383e+01
8.491974890348339500e+01
8.348722893074148033e+01
8.284979950780555669e+01
8.282295630037297940e+01
8.169755556861366586e+01
8.157866995088538431e+01
8.307794450456214008e+01
8.268384458020884153e+01
8.331228989563854270e+01
8.352994290608202732e+01
8.352244475748702257e+01
8.390556157063755904e+01
8.372591185235559408e+01
8.426919749745897548e+01
8.695647312267317375e+01
8.663576618453669198e+01
8.681232408194435379e+01
8.912487414212792203e+01
8.833359371947712191e+01
8.883731858320929575e+01
8.772577545253994913e+01
8.528327666963923548e+01
8.453991070154783927e+01
8.491589305311381963e+01
8.490752110986801426e+01
8.714770738872131517e+01
8.530678265641492430e+01
8.610118497132575044e+01
8.711732346277615591e+01
8.704268182595623671e+01
8.600087805305443567e+01
8.674755323579577748e+01
8.585402452090627889e+01
8.624923821891539433e+01
8.571109646547164118e+01
8.464565597415455045e+01
8.384430243063087573e+01
8.470324110075176804e+01
8.291385985612781440e+01
8.159384726243837349e+01
8.140732403623253788e+01
8.291924995690219191e+01
8.587240366563013083e+01
8.445581727033490438e+01
8.328111256274213758e+01
8.238345395405261229e+01
8.327347677698041650e+01
8.217344291269361634e+01
8.158010064274326112e+01
8.243161117793177084e+01
8.285878586543643110e+01
8.326992759558467583e+01
8.563780302035996783e+01
8.634215236256146397e+01
8.432986901762203047e+01
8.288017366813240017e+01
8.387911186146102693e+01
8.469409967332731526e+01
8.621221420967961535e+01
8.676936552632159305e+01
8.611281060880894245e+01
8.654467808640089288e+01
8.634962803985325763e+01
8.620721892101258277e+01
8.590421660548763327e+01
8.697471083837308470e+01
8.680892251857196129e+01
8.714286715023867202e+01
8.761491265830576936e+01
8.784817950032004319e+01
8.826235215208031093e+01
8.912960755554304626e+01
8.847412025811131286e+01
8.700120860915023968e+01
9.006230175552379080e+01
8.950134462886926201e+01
8.882240879598300864e+01
8.829319156839279970e+01
8.748253982471875645e+01
8.616539875270360938e+01
8.525899888729141196e+01
8.409461147155177230e+01
8.616721369771573791e+01
8.393865685885313610e+01
8.378616863570512407e+01
8.511868174269358178e+01
8.574369482657820640e+01
8.493059193393392547e+01
8.484886821727508277e+01
8.491859321963184470e+01
8.520715043216456763e+01
8.360967435979625861e+01
8.338983953374699354e+01
8.321396326460440207e+01
8.454324524225518189e+01
8.347311752595209100e+01
8.278191490869993174e+01
8.437980983232446874e+01
8.411901759876577955e+01
8.515525486418754042e+01
8.382249847888674310e+01
8.463426553279569475e+01
8.375557430260279546e+01
8.186860722084600184e+01
8.127500169442603806e+01
8.117450709035627199e+01
8.135073477815572573e+01
8.111233424576798257e+01
8.278353802350490298e+01
8.497473098659583002e+01
8.514798125529534900e+01
8.446683740466305323e+01
8.548569141325306475e+01
8.499594189289751966e+01
8.637505003054134534e+01
8.683329299940824342e+01
8.708570857600312820e+01
8.807616649037561274e+01
8.730462443634112901e+01
8.685965039864203163e+01
8.653488126660886337e+01
8.549671913112767641e+01
8.512286682371905044e+01
8.425995209329632019e+01
8.444775621749087691e+01
8.578282607095438550e+01
8.665537810946348429e+01
8.534152120835688038e+01
8.366281148667971479e+01
8.365502006478851627e+01
8.261844064735738868e+01
8.517383505008542954e+01
8.720685297441099237e+01
8.771493282204249908e+01
8.765021656818647955e+01
8.731800260241917044e+01
8.672661438060718808e+01
8.581958663438928170e+01
8.575950357694134141e+01
8.736793186425177282e+01
8.778124218862495809e+01
8.658223842671610271e+01
8.669959273559690871e+01
8.710683661332424776e+01
8.504861828419240055e+01
8.703073143240176535e+01
8.488723557167735123e+01
8.453748556547662929e+01
8.373791850268275994e+01
8.356357651226839778e+01
8.316456526737508170e+01
8.425141993971968191e+01
8.558390575227774377e+01
8.530603908074176900e+01
8.416452867992911990e+01
8.484780410646192195e+01
8.542816786232063464e+01
8.607359850976683902e+01
8.544837841185847083e+01
8.472601438586811184e+01
8.598090314311437510e+01
8.538601372865390715e+01
8.589309493563708031e+01
8.772110288109679743e+01
8.580565231423764772e+01
8.588539544851812479e+01
8.546040286395665930e+01
8.636476669868528688e+01
8.687751488654788545e+01
8.641963409883346969e+01
8.838525265588495472e+01
8.796540069359890879e+01
8.739865617678849219e+01
8.634532016925832920e+01
8.704745471147070646e+01
8.736566472360249236e+01
8.759751042650650277e+01
8.896598472776247490e+01
8.774635529697579273e+01
8.656480646025204351e+01
8.605645191785271209e+01
8.628560210681087028e+01
8.480469740574224602e+01
8.476818734309135550e+01
7.774746845004561635e+01
7.895256887071761298e+01
8.046172680408304245e+01
8.095513030243479591e+01
8.252740377262730931e+01
8.405237219538727800e+01
8.233452889997082025e+01
8.098335595199941395e+01
8.299971202737289389e+01
8.323981347649852580e+01
8.307984705453465324e+01
8.265777382441706322e+01
8.264641473218867418e+01
8.141393424218694008e+01
8.244251211272955970e+01
8.213214844479415433e+01
8.224937221844191981e+01
8.419415155362031555e+01
8.449855949046177273e+01
8.463205815339350124e+01
8.583867533468786348e+01
8.662941458642187342e+01
8.836829018763359045e+01
8.747889339078956539e+01
8.603331786658176839e+01
8.631863295777708345e+01
8.567670029557848466e+01
8.585438521046415872e+01
8.536690339495559954e+01
8.515357671584591515e+01
8.523593771776630490e+01
8.558153720468413894e+01
8.604532304981171364e+01
8.830934596373495538e+01
8.909497470215461590e+01
8.863973164969567620e+01
8.875447500740159512e+01
8.862466514088377778e+01
8.803207586428075615e+01
8.795764324964166292e+01
8.759623174110738830e+01
8.648868062304819659e+01
8.492985886134655971e+01
8.387991975169231296e+01
8.262032886716102098e+01
8.076287710567265776e+01
8.042372342267945839e+01
8.225583937674772983e+01
8.285653121389840692e+01
7.292494510925280338e+01
7.450062710982720660e+01
7.684510716136310293e+01
7.876535407009275502e+01
7.729589765697089376e+01
7.675440683291442667e+01
7.845782441254598893e+01
7.939533445289463032e+01
7.966119605474101206e+01
7.974965866162229133e+01
8.000779869856287974e+01
8.050203791989332558e+01
7.935916025636949200e+01
7.826885132961209024e+01
7.860198243413515229e+01
8.108248660713793754e+01
8.116190139101520629e+01
8.216603098468485200e+01
8.310335086089554579e+01
8.271465558532634077e+01
8.099117873772000564e+01
8.230534945835015037e+01
8.182882759599100098e+01
8.259995227318557909e+01
8.317121138122907098e+01
8.385637308588030692e+01
8.259697016101600298e+01
8.422231222590403377e+01
8.479926488109458660e+01
8.469191597328322985e+01
8.652224302072403361e+01
8.593510695522283527e+01
8.481196304211302106e+01
8.537005978973949993e+01
8.480208052050588208e+01
8.440493847901460356e+01
8.394669504808446447e+01
8.288172673485362907e+01
8.421710677199449435e+01
8.432278324105797651e+01
8.426242321686861203e+01
8.441126144093526307e+01
8.449630650912692431e+01
8.490308118367497059e+01
8.695699642539074148e+01
8.640279478345587449e+01
8.582925956068133644e+01
8.460208149444127912e+01
8.448234866094495032e+01
8.473806608528930440e+01
8.430204161945039232e+01
8.299152059696973538e+01
8.293849295166458546e+01
8.307965416522563373e+01
8.369023425498374991e+01
8.525543692047455124e+01
8.404916233288201965e+01
8.563579743530208077e+01
8.579423381371736923e+01
8.635723471477325575e+01
8.706027265346875765e+01
8.603703126047325611e+01
8.520952234019594584e+01
8.448009027866227427e+01
8.427003235408837156e+01
8.573434360437646262e+01
8.357176050061073624e+01
8.485662461565584636e+01
8.494237769350924339e+01
8.386256294463483130e+01
8.248419903181654433e+01
8.397449831587152858e+01
8.330272117754077499e+01
8.270650773799019362e+01
8.437861754467257924e+01
8.563672152601562004e+01
8.689634612928557544e+01
8.742859689425216629e+01
8.793676723004293194e+01
8.833651210061124459e+01
8.788661957288559279e+01
8.769603402656471758e+01
8.777150791676008623e+01
8.871163873898558450e+01
8.915418442568838486e+01
8.876223375305566776e+01
8.957057339103900517e+01
9.087902507988253831e+01
9.130643051742008254e+01
9.143687887992980734e+01
8.981366123728948025e+01
8.863220856531192737e+01
8.918877244543072891e+01
8.733346264336248055e+01
8.721642094785637767e+01
8.756981978254410137e+01
8.835121035261833811e+01
8.799525118336586615e+01
8.705561061190269356e+01
8.757533109206349309e+01
8.716788388238197172e+01
8.529221985934321992e+01
8.532616158787638483e+01
8.637992349545636728e+01
8.678557143924767558e+01
8.653660128242873384e+01
8.570228622600131985e+01
8.694531884092992868e+01
8.807379937088379052e+01
8.766309946489479898e+01
8.763927894624821135e+01
8.798480917826101688e+01
8.722269112380445222e+01
8.797373086696084954e+01
8.871131582727748821e+01
8.879491537114610367e+01
8.828475469911496987e+01
8.847146503143027019e+01
8.785540219626714986e+01
8.586659799472242582e+01
8.504702149769414632e+01
8.508206171376176030e+01
8.317358335515595513e+01
8.310279990943128325e+01
8.360759255953070124e+01
8.378276215725404086e+01
8.430305659291677500e+01
8.447232310042670633e+01
8.502969005955634429e+01
8.413637393472149029e+01
8.359124115570605795e+01
8.242535492637406946e+01
8.539332172111603825e+01
8.482577301669853398e+01
8.673727417594770372e+01
8.784895676533963638e+01
8.897178536076518185e+01
8.871841383486192001e+01
8.804895299990778312e+01
8.671568340038723477e+01
8.858510583257276494e+01
8.794408020693727224e+01
8.695223618384973463e+01
8.606199554580773281e+01
8.586345444333920796e+01
8.549219152073496275e+01
8.431773215705671021e+01
8.260148141668133803e+01
8.457151087509505771e+01
8.522760154941275346e+01
8.551184485633874033e+01
8.616535180421566054e+01
8.557492226679791258e+01
8.635490250073493712e+01
8.768228628084331433e+01
8.848061011036061529e+01
8.853396508114047947e+01
8.915633756466165494e+01
8.888245254254547945e+01
8.864372437152006512e+01
8.952060041655397526e+01
8.962916160509337260e+01
8.964070266739284421e+01
8.826038964248591867e+01
8.797523574263873058e+01
8.848127133407705003e+01
8.900945153976068980e+01
8.816503402019849034e+01
8.868854622278381328e+01
8.826560221456212219e+01
8.712198368043389962e+01
8.600601340226113223e+01
8.459895792278140902e+01
8.461959064387501428e+01
8.450488315019256902e+01
8.468931382727603818e+01
8.535003663950777764e+01
8.532169886905978728e+01
8.473295646265830783e+01
8.604057268573791362e+01
8.669446983773288196e+01
8.592428669784163731e+01
8.559488804093540182e+01
8.507968946454860770e+01
8.432451547815846027e+01
8.345717003305945525e+01
8.248179025518710716e+01
8.341175447698115875e+01
8.499472153288745346e+01
8.442983208336043788e+01
8.504061607666912437e+01
8.441870968894741623e+01
8.369768015776557490e+01
8.431069579301501449e+01
8.591830951644404024e+01
8.631484632848014371e+01
8.699917247850942204e+01
8.848193619806423271e+01
8.965171938012937858e+01
8.898240856125175924e+01
8.886966345956307123e+01
8.747844056119657807e+01
8.604297733550284022e+01
8.581606147937998230e+01
8.613965512685722103e+01
8.625210679917030632e+01
8.743058508184481070e+01
8.704545619156226621e+01
8.667886587960319389e+01
8.800625738356880845e+01
8.729263781461494887e+01
8.742909167253323233e+01
8.743140002109439024e+01
8.736877909080843096e+01
8.613333848417349259e+01
8.570624648694656855e+01
8.461426496854153356e+01
8.467850072936363404e+01
8.382127895676462970e+01
8.358583782559078657e+01
8.328659527639982230e+01
8.282541412070700915e+01
8.346676565540467152e+01
8.239729546764174017e+01
8.327026644796723076e+01
8.332294249577628875e+01
8.350250425128643883e+01
8.380760873150445889e+01
8.296231463293356967e+01
8.231679166990434737e+01
8.314958885507640218e+01
8.305556482695313036e+01
8.351370565291792047e+01
8.381851345032576717e+01
8.451704308223830253e+01
8.445289105709298383e+01
8.448242966968949474e+01
8.495452575117334959e+01
8.466559266911144732e+01
8.700183587136656627e+01
8.511993278241268968e+01
8.544661708876199668e+01
8.716977066144544040e+01
8.699108641888230409e+01
8.818932536907151132e+01
8.774024628201637199e+01
8.801709256067434239e+01
8.700724749082598919e+01
8.665213272517507903e+01
8.677124078444850852e+01
8.468379736802543789e+01
8.456022326973591419e+01
8.443115670007149731e+01
8.424419578511077589e+01
8.400435395358206847e+01
8.452830711089652027e+01
8.330361299362341754e+01
8.376368376897573853e+01
8.320565925211195690e+01
8.387742632104186669e+01
8.917303855643666566e+01
8.807358734694919633e+01
8.691738255023913950e+01
8.684591822190375865e+01
8.708271653005601820e+01
8.927272925374238355e+01
9.007811881853594116e+01
8.840599450769448708e+01
8.733848341002973825e+01
8.847092788741954905e+01
8.772412893160982605e+01
8.750403616059918477e+01
8.708338250356882781e+01
8.849998812735655918e+01
8.855762002403085376e+01
8.724717474252015847e+01
8.891973977988311617e+01
8.706846547378894741e+01
8.624856397678861697e+01
8.492485103839968019e+01
8.440900901187060867e+01
8.508988027225140627e+01
8.388715015690310395e+01
8.425647063986842511e+01
8.334566629267456506e+01
8.129744081330215977e+01
8.044375497220089244e+01
8.007646048707877640e+01
8.139721100466583437e+01
8.242580796026331313e+01
8.289588429943393066e+01
8.317982433594644931e+01
8.422396093428747577e+01
8.493926551353233378e+01
8.521733623896726328e+01
8.565585229121307975e+01
8.611082043307455081e+01
8.592420541530377420e+01
8.503581539811230527e+01
8.597418884205646350e+01
8.471065063088732927e+01
8.421841066131540288e+01
8.541860746869048171e+01
8.329314655526937372e+01
8.137644440922120737e+01
8.162503388356707035e+01
8.262043196116940180e+01
8.329213303344796770e+01
8.388606290065357030e+01
8.269073219093617411e+01
8.354237629587481706e+01
8.448783718800288511e+01
8.603862977427878889e+01
8.584974875622670254e+01
8.391219950344878953e+01
8.396928197119831339e+01
8.232997482738473138e+01
8.179454743204506428e+01
8.043110670285807373e+01
8.141138604068689233e+01
8.213667339429349568e+01
8.194060952819755528e+01
8.280751834278339629e+01
8.371014345246153709e+01
7.705349277420668841e+01
7.821181567171670679e+01
7.853832239295917361e+01
8.054786300308865066e+01
8.254382112793958015e+01
8.358310564930798137e+01
8.331775601344205029e+01
8.188434914861426250e+01
8.282703702779959087e+01
8.449623861792954926e+01
8.345195855654685602e+01
8.295121531043351126e+01
8.296976077704019303e+01
8.419663575577337156e+01
8.434899119546881252e+01
8.396288915427561506e+01
8.525522171438724683e+01
8.508788271277548176e+01
8.541172533751922913e+01
8.501359667670887177e+01
8.479750659611164565e+01
8.405157433689301172e+01
8.292156040838858644e+01
8.140299041283631709e+01
8.238580107316845158e+01
8.230044475317158970e+01
8.461354743123798983e+01
8.433478057374892956e+01
8.439633563975030484e+01
8.520339568455948154e+01
8.432177865821542184e+01
8.340972677070600128e+01
8.412727474286826634e+01
8.454897264107790988e+01
8.420968412808517201e+01
8.436157421904762543e+01
8.816059157061856411e+01
8.676516106402526418e+01
8.753483300432324654e+01
8.690323168068913162e+01
8.756108251739101433e+01
8.673371997834230740e+01
8.571398625147921280e+01
8.712407403977883291e+01
8.635235757001528611e+01
8.564652069355143738e+01
8.644585640466141285e+01
8.620091924157765106e+01
8.715151924038580944e+01
8.842695815886747823e+01
8.961490135675263957e+01
8.905946646351620188e+01
8.743586250848869668e+01
8.723323890822847204e+01
8.676845584482245499e+01
8.690895318065730635e+01
8.771511294048981711e+01
8.726216014124497633e+01
8.777642927572253484e+01
9.011336679943107697e+01
9.000924728677648545e+01
8.916139840823537099e+01
8.947436567255947182e+01
8.763816045551595835e+01
8.845709861517974559e+01
8.762777094669584699e+01
8.845873243335765324e+01
8.730127409884680389e+01
8.746226452409192120e+01
8.783359501951031234e+01
8.807951399462582742e+01
8.791358768924207823e+01
8.728108278038837398e+01
8.628479390441756891e+01
8.604479911476114751e+01
8.735079107970267387e+01
8.635515910312490462e+01
8.664867301891190721e+01
8.741464717784245408e+01
8.634054512820389959e+01
8.571896113068299883e+01
8.580508079309120717e+01
8.598222955158799152e+01
8.421877062312130136e+01
8.423893916766910195e+01
8.409329164189080075e+01
8.487961094161961739e+01
8.563590796700646024e+01
8.576998277542166704e+01
8.469734813390377326e+01
8.417061748289333423e+01
8.342770692024983248e+01
8.452483508567351578e+01
8.655789092258517314e+01
8.586692685077696297e+01
8.605662752493397250e+01
8.552147576223946146e+01
8.409942212094379954e+01
8.483508883439468207e+01
8.510725465574820703e+01
8.669734195851449954e+01
8.797756868759843485e+01
8.663357173726139138e+01
8.778627723275252492e+01
8.743952734572293650e+01
8.814485328291482347e+01
8.862786910198072121e+01
9.012741442887937637e+01
9.024629110386599962e+01
9.025244679931421388e+01
8.845642346458531335e+01
8.857396646574856902e+01
8.822996465535329946e+01
8.767905911007791531e+01
8.770991836150525955e+01
8.724257190659712080e+01
8.661366921217836534e+01
8.654530747981425520e+01
8.571577831439481088e+01
8.604476098609345058e+01
8.795576986204821424e+01
8.749925605053103084e+01
8.819634745561957345e+01
8.878131794900963314e+01
8.881310652595564648e+01
8.715880869017368582e+01
8.698204012148130460e+01
8.769400574936416604e+01
8.761266564654711431e+01
8.913499527382754195e+01
9.026935610347477734e+01
8.825385987375253194e+01
8.669881674790778447e+01
8.552100596300994084e+01
8.468714627964419606e+01
8.521685148610112037e+01
8.445179496433735267e+01
8.290993406905735696e+01
8.275333382585382935e+01
8.346680472000127793e+01
8.383513341148994868e+01
8.279391435386334308e+01
8.336961858083533627e+01
8.469109622883300403e+01
8.653944130487727193e+01
8.635871834710965800e+01
8.527680806217612997e+01
8.466703769176584160e+01
8.324776304266663374e+01
8.247778324640393066e+01
8.301394266240430397e+01
8.221761040185680258e+01
8.230486357225508698e+01
8.207081276366577072e+01
8.352726883818364456e+01
8.359720830170947181e+01
8.442487715964780648e+01
8.488166012997490384e+01
8.214973451328408771e+01
8.195773176035524443e+01
8.125002933605884436e+01
8.235913413473716105e+01
8.141291501700067101e+01
8.014185835253253742e+01
8.132142783551736898e+01
8.154434194701551064e+01
8.040582580648454325e+01
8.091860472581686281e+01
8.041821330341427654e+01
7.933380985442192923e+01
8.005692816733723305e+01
8.010045756837985209e+01
7.979524000086563262e+01
8.172468667604915993e+01
8.100166115621608753e+01
8.180374849242342350e+01
8.144678518623420871e+01
8.226694602633934039e+01
8.235571088175650800e+01
8.205554170292190008e+01
8.224265407470109324e+01
8.309152695610463013e+01
8.195561147622261444e+01
8.197494526396492631e+01
8.087411620036456839e+01
8.082253310204201568e+01
8.103260668486632312e+01
8.071321805147651673e+01
8.042402713712046136e+01
8.031958451946194089e+01
7.878855147638284961e+01
7.898622962761680810e+01
7.912838450759676334e+01
8.018130003444818499e+01
8.062846998157873202e+01
8.075522731394028142e+01
8.183651922836622816e+01
8.029730660042369550e+01
8.008914129339208898e+01
8.040200801584779811e+01
7.930234782610287425e+01
7.998347687857858546e+01
8.006757285960645731e+01
8.005300697112227226e+01
8.029126992269409868e+01
8.002676981909293374e+01
8.154260772319280193e+01
8.229527155545264350e+01
8.267696588695855553e+01
8.162096422517642225e+01
8.223104923104968123e+01
8.277256808743565841e+01
8.510474689203756782e+01
8.472237408093214128e+01
8.374597334156825923e+01
8.397396913276679697e+01
8.388392715436341973e+01
8.218717373622382638e+01
8.223798593588637118e+01
8.457229865951445902e+01
8.518158634428849041e+01
8.640590868154365012e+01
8.590209097783680647e+01
8.504197317206531181e+01
8.444107627934995719e+01
8.251851816477712021e+01
8.438024714056111009e+01
8.645706157704283612e+01
8.638754583217858851e+01
8.729524856428793100e+01
8.585765845548179698e+01
8.645274996090205377e+01
8.742989753393811725e+01
8.728166947707106260e+01
8.748461278759675963e+01
8.513936868803017433e+01
8.475095522868267039e+01
8.453322241025298922e+01
8.445035604249943617e+01
8.544925437495794540e+01
8.473211490555134162e+01
8.270897205242629013e+01
8.279641011274841844e+01
8.179673690307484435e+01
8.225807367222734001e+01
8.346663945492495884e+01
8.545051181702554288e+01
8.451756536313503432e+01
8.472566016032163816e+01
8.394435991699562294e+01
8.486070915244312118e+01
8.573249842982220059e+01
8.691531682651101676e+01
8.512781983119472784e+01
8.624575133140112371e+01
8.686743040887327538e+01
8.820739575576644143e+01
8.705214992916965855e+01
8.689578656939289658e+01
8.603744155895451229e+01
8.427054360978715408e+01
8.569229427082672146e+01
8.500706231607593111e+01
8.529483689759285880e+01
8.516002817565147609e+01
8.485494580438799517e+01
8.605527520549993881e+01
8.558368197904931662e+01
8.368255195079126452e+01
8.534793404922056936e+01
8.544500989579925943e+01
8.420568222330892638e+01
8.372164671420262039e+01
8.261954825490811061e+01
8.256167598248018180e+01
8.214048738559193907e+01
8.324510579952556100e+01
8.290594505901144373e+01
8.257609200849550746e+01
8.269320311552581870e+01
8.145512042296664390e+01
8.329552289471835991e+01
8.529107107245903308e+01
8.617052150414392031e+01
8.743152469267781157e+01
8.779566931053570045e+01
8.736841907389157313e+01
8.530312534310466788e+01
8.424932208356905505e+01
8.393167451900221465e+01
8.410506113461097755e+01
8.194416425360540757e+01
8.319090623416657593e+01
8.159333830909925211e+01
8.037027379071891175e+01
7.904576385173075437e+01
7.846530097410902727e+01
7.950170276304788786e+01
7.988170645264271741e+01
7.793185626650456754e+01
7.695081030017526302e+01
7.909685126344110984e+01
7.993693861412576496e+01
8.049284683666915896e+01
8.063819636455880868e+01
8.148906612981494391e+01
8.219829767132944198e+01
8.355745939077732487e+01
8.361808926554247989e+01
8.473292085268082019e+01
8.357736059796255290e+01
8.436395327038172809e+01
8.387741214907845233e+01
8.298627275887349697e+01
8.111848622304695766e+01
8.318746919867386680e+01
8.175986417334728174e+01
8.158708246789984742e+01
8.327933724306220142e+01
8.334940757567316894e+01
8.368490482854178936e+01
8.292229865280093293e+01
8.412775397286735313e+01
8.475136997254813309e+01
8.493463428695228856e+01
8.521285060466063044e+01
8.467751797940037761e+01
8.425134738484155150e+01
8.002743263283224451e+01
8.105088977452165011e+01
7.953414047341797755e+01
8.063505858229122225e+01
8.255430528888678054e+01
8.190187155525752871e+01
8.478651434107993623e+01
8.456093657122303853e+01
8.537580611670985320e+01
8.445085953135998125e+01
8.444972442162605830e+01
8.405371626651574957e+01
8.389764280230548366e+01
8.439697531328317837e+01
8.329485494204712381e+01
8.344540208038108631e+01
8.369818760798287371e+01
8.465726361563108071e+01
8.247773010994217202e+01
8.289249891307056828e+01
8.349555932215794485e+01
8.591913203472314819e+01
8.584607390033380625e+01
8.672830227258440061e+01
8.640352402700428058e+01
8.599874317810902369e+01
8.579804224163650872e+01
8.605172796120741907e+01
8.578765235852139881e+01
8.477006936150665695e+01
8.599038017746383389e+01
8.375748247624474629e+01
8.380631755284240114e+01
8.292174713664167029e+01
8.373975495600373620e+01
8.444075208802536281e+01
8.540055917205469882e+01
8.539422200260440832e+01
8.574265767678087968e+01
8.420860471689829296e+01
8.428673899552080684e+01
8.445489602633968218e+01
8.418856637089290018e+01
8.401723392315714989e+01
8.457416485917880777e+01
8.394432868294515515e+01
8.274721185437903159e+01
8.345966737090019194e+01
8.243092905514791369e+01
8.380198688260043127e+01
8.467719310674534938e+01
8.469194713183865986e+01
8.397410528974911870e+01
8.375311659258326813e+01
8.468312719778637643e+01
8.249596698322093857e+01
8.300293486498544837e+01
8.354869980391569584e+01
8.353771447120857374e+01
8.379014845008933321e+01
8.542103668531558469e+01
8.504963432524291989e+01
8.356533422427267510e+01
8.206371444994771025e+01
8.177271293954177622e+01
8.128320607148464205e+01
8.232160701604543362e+01
8.203287750222277452e+01
8.353433201356546078e+01
8.148961889907785405e+01
8.159757565368687438e+01
8.371986185237554423e+01
8.421386453924938564e+01
8.276135490838977660e+01
8.254981944923623871e+01
8.095527249193857244e+01
8.190870933861009462e+01
8.393552748720289003e+01
8.374992738437850903e+01
8.488728786112073976e+01
8.420751353273097095e+01
8.552706162981181137e+01
8.723377328600794556e+01
8.634231860322199736e+01
8.713703008956670715e+01
8.692108209819075171e+01
8.449833368520053511e+01
8.550864028999909294e+01
8.423988325940328536e+01
8.330144458875564339e+01
8.380505207473775897e+01
8.368849011333206533e+01
8.263868560967061683e+01
8.337604939079676569e+01
8.313457693562840234e+01
8.254455341931750922e+01
8.340820497021458380e+01
8.328505525173703461e+01
8.245073119519769023e+01
8.282531962681750315e+01
8.255139892509008348e+01
8.208871469700783052e+01
8.396606182859784440e+01
8.521470464452590932e+01
8.631748009913611952e+01
8.519388028832375426e+01
8.656865589983483744e+01
8.685538202687591536e+01
8.643043003323860773e+01
8.747147311566614292e+01
8.660259238638911938e+01
8.594637568977442754e+01
8.421439168634603334e+01
8.372208997872451164e+01
8.316833564376631216e+01
8.253114364278393111e+01
8.293297455090606718e+01
8.210926540355099235e+01
8.177218470161706421e+01
8.159653556204733604e+01
8.182601543366395447e+01
8.088373756914077717e+01
8.142016372572813054e+01
8.028827654377336387e+01
8.007931711861746749e+01
7.940705629050420100e+01
8.105779837051539971e+01
8.169783092378885669e+01
8.227096473489156381e+01
8.224972377263974010e+01
8.169203371523708768e+01
8.279714123322845865e+01
8.369013669348402118e+01
8.400559244719673302e+01
8.235014550419381862e+01
8.237741098560219655e+01
8.440943570396453310e+01
8.356422530783834191e+01
8.478602162812603638e+01
9.324939126074950480e+01
9.206581925741511441e+01
9.205472732736390640e+01
9.068350152953404120e+01
8.925507496251668726e+01
8.832716119303808000e+01
8.753689687101810080e+01
8.653973288978187384e+01
8.702100455816011504e+01
8.511549986100467891e+01
8.531307131518542519e+01
8.716871438942507666e+01
8.720076116608306904e+01
8.653567427385800670e+01
8.700222619632303633e+01
8.909543654243940125e+01
8.986856338393583599e+01
8.750626405072611647e+01
8.554988866304425699e+01
8.373514278107496978e+01
8.371406511898452152e+01
8.520341515675632138e+01
8.473738158106000640e+01
8.368437572250124390e+01
8.464762701047449411e+01
8.493083620443442783e+01
8.434292845404978323e+01
8.355406189380235560e+01
8.436331037884086470e+01
8.498040381377209940e+01
8.449524217072257670e+01
8.653509479972554175e+01
8.937751190293116110e+01
8.942961539225453294e+01
8.843766496678711064e+01
8.883502827159507831e+01
8.685757540294598300e+01
8.716373939160148154e+01
8.800532591016425954e+01
8.725937943896911975e+01
8.667105757965217094e+01
8.506896304999136760e+01
8.570329734704120028e+01
8.622038347857625240e+01
8.477188585063557014e+01
8.470147996008917346e+01
8.455967157950107094e+01
8.465147255081919297e+01
8.430591091684469518e+01
8.444475020665602472e+01
8.501982979867005952e+01
8.390174419071388456e+01
8.362961211397934846e+01
8.476190367981890006e+01
8.467403531363092384e+01
8.399890213003176598e+01
8.321828329336138097e+01
8.327963987441340521e+01
8.271319175054301809e+01
8.221199850337738724e+01
8.178421749363592141e+01
8.134605041676614690e+01
8.246960780234356037e+01
8.357068723239230223e+01
8.375133722594978281e+01
8.490317221837857176e+01
8.396660647492986129e+01
8.427484388038239160e+01
8.440965173738682381e+01
8.418817008580614925e+01
8.327292427665678076e+01
8.369938744259238206e+01
8.415727832208868620e+01
8.456706582885408352e+01
8.666016115280578447e+01
8.732566591773195341e+01
8.769860363753848276e+01
8.688236345704645203e+01
8.630774735399404562e+01
8.484500218525273851e+01
8.542155170607374259e+01
8.485715988174264623e+01
8.528177228208473082e+01
8.509401799970508762e+01
8.524928520626207273e+01
8.573359235601785144e+01
8.546278671569500318e+01
8.596156570595981350e+01
8.482902175922238541e+01
8.525938081532962087e+01
8.629323588934208544e+01
8.721514868731659931e+01
8.607724625644920025e+01
8.666806074152366079e+01
8.665416960995588624e+01
8.750585962651257432e+01
8.661338340541041703e+01
8.440739003918254468e+01
8.426880083531678167e+01
8.621630668787497598e+01
8.611254598112871861e+01
8.578902104355651659e+01
8.631396172136996370e+01
8.813154003770065970e+01
8.675227993751869349e+01
8.769966017623951871e+01
8.668140908193754512e+01
8.559510202830414016e+01
8.621926396618965782e+01
8.588968635507364979e+01
8.454533603064720637e+01
8.486698696320236479e+01
8.603997261181282852e+01
8.608018866181976136e+01
8.583305062012824749e+01
8.511363000611328289e+01
8.409791942456769220e+01
8.477686123212156133e+01
8.438042808945094464e+01
8.537825247326982492e+01
8.628585241293799868e+01
8.699738213535104592e+01
8.703500066830970638e+01
8.632742936697316338e+01
8.495859042329226440e+01
8.470377689652494269e+01
8.329529657552484423e+01
8.443053945060795229e+01
8.315629076651056550e+01
8.388195861599675140e+01
8.359125048596975205e+01
8.287976518613953658e+01
8.334033495320488782e+01
8.385068165621089520e+01
8.438691635855029460e+01
8.476471232134895217e+01
8.602967173185655270e+01
8.610319333374795292e+01
8.726060269574172423e+01
8.586227750861404218e+01
8.518252559546517944e+01
8.480100778058996980e+01
8.551154860419715931e+01
8.280515387575707109e+01
8.181282585996261503e+01
8.223007745375380750e+01
8.276653394595696511e+01
8.262306533469509873e+01
8.269708513996940269e+01
8.185985483674357965e+01
8.070297095202269588e+01
7.921983168883969029e+01
7.941202058258951979e+01
8.080984213494384960e+01
8.034744503415960537e+01
8.251036426645916322e+01
8.130911719049275632e+01
8.080874234044411253e+01
8.184293682011366400e+01
8.207842288120019703e+01
8.214151082830022688e+01
8.111634984248439650e+01
8.188630444812000064e+01
8.155346610561031184e+01
8.237842479386496564e+01
8.384843998107785978e+01
8.406414302956052609e+01
8.497234215708672878e+01
8.632445092987173041e+01
8.553219371605364074e+01
8.609470402364686947e+01
8.442603310409973005e+01
8.403182371735125855e+01
8.320042683044567866e+01
8.345271547676524904e+01
8.301435607154367347e+01
8.118100233653663622e+01
8.178364018568375116e+01
8.102562109425353754e+01
8.169784761457853506e+01
8.184548064974573833e+01
8.085970474919442097e+01
8.160527109335089335e+01
8.300728540523560639e+01
8.365535260826335673e+01
8.294193985156407223e+01
8.212813340575738152e+01
8.116368993376761409e+01
8.058973152953944918e+01
8.013602208367292690e+01
8.101657955504914810e+01
8.204208809828446647e+01
8.190624221308250696e+01
8.251760721798558507e+01
8.306687562376153267e+01
8.391301992000408916e+01
8.431017788675590907e+01
8.482909376233527610e+01
8.296422279789834420e+01
8.316078792861556224e+01
8.354567368263377602e+01
8.443338392924572133e+01
8.452876817751544536e+01
8.422115893682270382e+01
8.411583506316279113e+01
8.407133992389260868e+01
8.195044310763486806e+01
8.104850489893217969e+01
8.200794502793419838e+01
8.449902909406473839e+01
8.214436428310135341e+01
8.346952539298392537e+01
8.366901715917509819e+01
8.407100636150951800e+01
8.325707375159993262e+01
8.332590875979700229e+01
8.517239800418889217e+01
8.915819222405450262e+01
8.885089445409123243e+01
8.905699345959314428e+01
8.933566420917077266e+01
8.914586056035722095e+01
9.045059540949240784e+01
8.976982521591838804e+01
8.659085811495511109e+01
8.536987359805847575e+01
8.365037009727703321e+01
8.098619878414780260e+01
8.018470828677197915e+01
7.954125216242988472e+01
8.010201375029510018e+01
8.003284406390501715e+01
8.001011303278582432e+01
8.049638036962424792e+01
8.120931722881057624e+01
8.279008441495348336e+01
8.150210461457967881e+01
8.102629116821211142e+01
8.216681251389258023e+01
8.325776544348642005e+01
8.289012320072721707e+01
8.330304599607954685e+01
8.365639147197391878e+01
8.336228563081870391e+01
8.292169986386477376e+01
8.465515387502611588e+01
8.448745610058759326e+01
8.489529320766871479e+01
8.526318509763474651e+01
8.487965274933826265e+01
8.521315439712108741e+01
8.712184562702701385e+01
8.675702676470939423e+01
8.636675522310476083e+01
8.588455270826104027e+01
8.392538572924394202e+01
8.297127400392190566e+01
8.365557897121463782e+01
8.253955088567809639e+01
8.323582384736324968e+01
8.276336573887060410e+01
8.333331771566237478e+01
8.258781202144670885e+01
8.178256579802263104e+01
8.200492797704788472e+01
8.322796144780932082e+01
8.266070798780786788e+01
8.486848813288308691e+01
8.348386736046722945e+01
8.459097854305957753e+01
8.609712491963190928e+01
8.796775332228850175e+01
9.075783751439793434e+01
8.860300184816554747e+01
8.855495660417797410e+01
8.615153170890513934e+01
8.775344056657780811e+01
8.623934997411906522e+01
8.607027567685588565e+01
8.576103110287098730e+01
8.617637196122903731e+01
8.613495331199999328e+01
8.558718054542950426e+01
8.560206989727002735e+01
8.429629465778494080e+01
8.458943044731574901e+01
8.433126147450140309e+01
8.422660517883394959e+01
8.525869505574988239e+01
8.674488732941269120e+01
8.681794134313288680e+01
8.452898458379475244e+01
8.474746730959942909e+01
8.536904964837360410e+01
8.387322736603836404e+01
8.385890379587509358e+01
8.293980630909311458e+01
8.470203352154666732e+01
8.352776306502396153e+01
8.363606955345413496e+01
8.527225118759541544e+01
8.565099013338604550e+01
8.534513849869736646e+01
8.471227210869298574e+01
8.527461549728151624e+01
8.464294637715050840e+01
8.282001885594371515e+01
8.112865122982296384e+01
8.221436566989510197e+01
8.166242363830990314e+01
8.109163367560843483e+01
8.070315029871814261e+01
8.061409154414640454e+01
8.102313881671626916e+01
8.160665331618463370e+01
8.135626633340466185e+01
8.188269228680509570e+01
8.267784536401346429e+01
8.334229991529406334e+01
8.495970163851583834e+01
8.310713820695414711e+01
8.301626375509147238e+01
8.399380124901132660e+01
8.123577983817357051e+01
8.236967140336390969e+01
8.297886473290127185e+01
8.341614093189964763e+01
8.307379760497008192e+01
8.373715537303145595e+01
8.451886787972736670e+01
8.374814182188328004e+01
8.314773567403423726e+01
8.351006202393546118e+01
8.288859160617121802e+01
8.365357527944226490e+01
8.405558575190143245e+01
8.654022025565915044e+01
8.506070945580736975e+01
8.490170252744668744e+01
8.494673661283432864e+01
8.500061041583501265e+01
8.538814639225066117e+01
8.417411200343561006e+01
8.497000632975715462e+01
8.359558413222379158e+01
8.551431886746047439e+01
8.600465598636890263e+01
8.573166271563751195e+01
8.727924385698069898e+01
8.837280543066894722e+01
8.755793239632039615e+01
8.800036550648411549e+01
8.797871503617110989e+01
8.981644424074293909e+01
9.060063931980629093e+01
9.036536165985319258e+01
9.033875010651142645e+01
8.830329269853906737e+01
8.962053789213922528e+01
8.938377414654321740e+01
8.854025613592057198e+01
8.727166041920088446e+01
8.816379744679925068e+01
8.746615453152303132e+01
8.654427409828032580e+01
8.537556967044736211e+01
8.587147931046057181e+01
8.712845920238724773e+01
8.755909396083953311e+01
8.765671268607847821e+01
8.782515979556009711e+01
8.979350726449160902e+01
9.102254347945476809e+01
9.012319975495542224e+01
8.841398372686275309e+01
8.759572938911321671e+01
8.656619577181830039e+01
8.712019088884440521e+01
8.844387435752815918e+01
8.827261250219035560e+01
8.788631975554511655e+01
8.725777508189568721e+01
8.669644370669898592e+01
8.811654253407292003e+01
8.946463826186965207e+01
8.778351510715835104e+01
8.707836994021445776e+01
8.689744067304259545e+01
8.615740267688673271e+01
8.420521798618855769e+01
8.450106538354148711e+01
8.469142141575022720e+01
8.590957070002725970e+01
8.713594850391470459e+01
8.681576673774947039e+01
8.982706333878383020e+01
8.770401170384245404e+01
8.787815200694055306e+01
8.629362619640761523e+01
8.580995648376617169e+01
8.380756775991780216e+01
8.316805681219881308e+01
8.549284106118531668e+01
8.684113698055679720e+01
8.695919250206880236e+01
8.689690760809679659e+01
8.834619714257065937e+01
8.641089245355458104e+01
8.521068771306626388e+01
8.407272222777521620e+01
8.514170935066340462e+01
8.429905544581485799e+01
8.418194920781647284e+01
8.202871425608749689e+01
8.491651863012856438e+01
8.471787003486551271e+01
8.663943635999861215e+01
8.641462911190167517e+01
8.415858695984488236e+01
8.337598360845086631e+01
8.448193158241238621e+01
8.520534332614673190e+01
8.508767792375870442e+01
8.573526029200576204e+01
8.689542874575870712e+01
8.725147555608818095e+01
8.817687234267671670e+01
8.672462852995474236e+01
8.832203815237902234e+01
8.847952557495966630e+01
8.920981163745398135e+01
8.893746444590131262e+01
8.963604346608998696e+01
8.981559192273786607e+01
8.920072637398669713e+01
8.957503969566295154e+01
8.978029216592216244e+01
8.993192356787051267e+01
9.091401311384377948e+01
8.973767263677400763e+01
9.081930431134982484e+01
9.005175496977683736e+01
8.935347570386842619e+01
9.028345129387761858e+01
8.941209102560422650e+01
9.037876502873706386e+01
8.929277550536816932e+01
8.965062361091858634e+01
8.860987982121106654e+01
8.769191012446597711e+01
8.704166123298500679e+01
8.604890117842168706e+01
8.701981119540613463e+01
8.481705455919718872e+01
8.668055205651857875e+01
8.531285127597730877e+01
8.749893923803936957e+01
8.864662925950339911e+01
8.939647630694739178e+01
8.797090575190874517e+01
8.846723501898487996e+01
8.872054676081810953e+01
8.871547786303580097e+01
8.846702322923702866e+01
8.847252130316354624e+01
8.795344442932878337e+01
8.758950862993035003e+01
8.714990467821242248e+01
8.509752599680643925e+01
8.622637528829473297e+01
8.678482415265591499e+01
8.674141743616806366e+01
8.736359505223794031e+01
8.525026798270717165e+01
8.592443592934696994e+01
8.540766800813949544e+01
8.551345923127752258e+01
8.422087111393457803e+01
8.197551108677511422e+01
8.161352632416725328e+01
8.182837717852066817e+01
8.205012696984303489e+01
8.201187110717805240e+01
8.236513786046268137e+01
8.340915575649140123e+01
8.351347687954972798e+01
8.277422647028998881e+01
8.280180314150706522e+01
8.209235709949687987e+01
8.285985981279659995e+01
8.184339322435396014e+01
8.203496887195922227e+01
8.398476814412659053e+01
8.240915307052679850e+01
8.322019598231803172e+01
8.435708823546558222e+01
8.346935486285158845e+01
8.298759106013378073e+01
8.262220202725490026e+01
8.086776568675261956e+01
8.082194507785092696e+01
8.265264147790828986e+01
8.211142710269648148e+01
8.083986946370552573e+01
8.120209850244143013e+01
8.183415128554082685e+01
8.206592300174716570e+01
8.350538867654350383e+01
8.431483590071397316e+01
8.370363149605360320e+01
8.557030110479200857e+01
8.469701819026415990e+01
8.254750086556842348e+01
8.207814521849897460e+01
8.240378730578703426e+01
8.134442691815139881e+01
8.316522928539106374e+01
8.365902707923859793e+01
8.130929178754144004e+01
8.004230095074414919e+01
8.118455770183933851e+01
8.192582135734448912e+01
7.838177329029797136e+01
8.087446175513761659e+01
7.923465113972973484e+01
8.203043518064346529e+01
8.259195465164664540e+01
8.401316318618623313e+01
8.377468494289394130e+01
8.318416251942922202e+01
8.263816842582538413e+01
7.985439785609216301e+01
8.072733445006799968e+01
7.988609291004455315e+01
7.948632687431727106e+01
8.048033680418525648e+01
7.152064296756392991e+01
7.223963806759198292e+01
7.359503508242957537e+01
7.410485231252040705e+01
7.539428879358565894e+01
7.689578309373428056e+01
7.695292242968064045e+01
7.910673940734781695e+01
7.935899374088683089e+01
7.865199601831929499e+01
7.782191613211482206e+01
7.735850669749019914e+01
7.827733003996121397e+01
7.931835913484437128e+01
8.029336049730672187e+01
8.122437305489387427e+01
8.194025591843367806e+01
8.124710895374404629e+01
8.150006646411566180e+01
8.226494662405556824e+01
8.283263632618702843e+01
8.198787665298085869e+01
8.354751204828784239e+01
8.394459253759075068e+01
8.214437387580504435e+01
8.227882625359715973e+01
8.407630758345285926e+01
8.410705465154109106e+01
8.376857983886392844e+01
8.522167490976418947e+01
8.617843368754431310e+01
8.605257620980339084e+01
8.565707092464154471e+01
8.672792050756335414e+01
8.574480639625789991e+01
8.644183465474046102e+01
8.577492287774234114e+01
8.785701209397626599e+01
8.865472671858438503e+01
8.804471963516235178e+01
8.692045304200490818e+01
8.626357676092840165e+01
8.445886057930965762e+01
8.508028368074189984e+01
8.552646672150468987e+01
8.658459228607841851e+01
8.623926566277866357e+01
8.514981657610033494e+01
8.483615395925647817e+01
8.465639851047562559e+01
8.532644581379810234e+01
8.481100901658585656e+01
8.333021130864139536e+01
8.371338971222601799e+01
8.430925371148133252e+01
8.485294876716633894e+01
8.365083221936063751e+01
8.451981591451335873e+01
8.428397276133064508e+01
8.295334541215875390e+01
8.249805580188720455e+01
8.240008577737938822e+01
8.201582804334267962e+01
8.359313504367773362e+01
8.310408806947037874e+01
8.359819277079790822e+01
8.416851839821421777e+01
8.308904587491588245e+01
8.176342926363145125e+01
8.025897733819788016e+01
8.160841658236773810e+01
8.337739829678571368e+01
8.433662690676963791e+01
8.505926643234354856e+01
8.514702084475381128e+01
8.526016080079767789e+01
8.376176254674125232e+01
8.204497867886883000e+01
8.297294426836690207e+01
8.332889589040962619e+01
8.463558630260189375e+01
8.437365823661548347e+01
8.497841845100155922e+01
8.596519726191183963e+01
8.624997139620003850e+01
8.555434509969194323e+01
8.586641766505579199e+01
8.715696580737478882e+01
8.631498539413894378e+01
8.624065075081065856e+01
8.510408261110204364e+01
8.449277944804522633e+01
8.510681404347926104e+01
8.397721154836818869e+01
8.278584636288712773e+01
8.365166000501615429e+01
8.276542547073638900e+01
8.151205281751182952e+01
8.094414941976960165e+01
8.168278582466093951e+01
8.090665701109074348e+01
7.952855773955521101e+01
7.957157522520907378e+01
7.966997548086760617e+01
8.083990752930159829e+01
8.056467731395139253e+01
8.148394456593248947e+01
8.189688883209350934e+01
8.172342937669752416e+01
8.193812898316403448e+01
8.244971273101529619e+01
8.314501651375235269e+01
8.510829914394737727e+01
8.426796567051758302e+01
8.300072488510633661e+01
8.306292407141749834e+01
8.383834680657709271e+01
8.417696885001092255e+01
8.669083348632653951e+01
8.578274089662380675e+01
8.462366938120783288e+01
8.303978191647209428e+01
8.421460614852627202e+01
8.599514597862807364e+01
8.639336682310431570e+01
8.708227914720670526e+01
8.594082653711507191e+01
8.683591866042185359e+01
8.596645684603328164e+01
8.589334535342678123e+01
8.519999784027115197e+01
8.355369503797622599e+01
8.318907700535991978e+01
8.466046452077553397e+01
8.474212093922270128e+01
8.440234498979253885e+01
8.407295684969352578e+01
8.409199298479805407e+01
8.326167634980117782e+01
8.242781636553398528e+01
8.260679667608273746e+01
8.385038829664243565e+01
8.319212731460969223e+01
8.222025609445266525e+01
8.327706463407024273e+01
8.201553095771585333e+01
8.274439322081147452e+01
8.374944707710123737e+01
8.185387711472536409e+01
8.263683369236680676e+01
8.464704733301267936e+01
8.484511256221885844e+01
8.603870743638546514e+01
8.462541179235255129e+01
8.327822444326797324e+01
8.181053962441677641e+01
8.105250202561350648e+01
8.150434281053989594e+01
8.171390179266040832e+01
8.273683694872467242e+01
8.196533446191760675e+01
8.318637731046231920e+01
8.367102844423678221e+01
8.504889596269198648e+01
8.600010141372735006e+01
8.680186634125115575e+01
8.757750235909061587e+01
8.680490583206366750e+01
8.783936960170299812e+01
8.724432636488856474e+01
8.689294086723054988e+01
8.537267884541606122e+01
8.415925337818484309e+01
8.312691764155840701e+01
8.122678398679147449e+01
8.244980597080233053e+01
8.324270194216161656e+01
8.586510788065415056e+01
8.561122279837157123e+01
8.565055254449931965e+01
8.703980393784365788e+01
8.664915542174315988e+01
8.615047503866489365e+01
8.574335841244986511e+01
8.535875798011325344e+01
8.466685998089170084e+01
8.552320065896593348e+01
8.543803680104568343e+01
8.429834314848143606e+01
8.342539092308851423e+01
8.430600258676528824e+01
8.341199457139832418e+01
8.493223290614611187e+01
8.535141496656666504e+01
8.583208081010366186e+01
8.854823219614574725e+01
8.606407745685356758e+01
8.611534783675084270e+01
8.559171050137328507e+01
8.377626108916525993e+01
8.412993689674408415e+01
8.467808933489007472e+01
8.447358673524604455e+01
8.380298558068830062e+01
8.441606857308721601e+01
8.428060783599752881e+01
8.305604297293326965e+01
8.337780268853694565e+01
8.525011777094120191e+01
8.404745417474154578e+01
8.404546879868131271e+01
8.208611832757640059e+01
8.245472629537803755e+01
8.323739272266382727e+01
8.281188950676138916e+01
8.419197425912270205e+01
8.254975440033339851e+01
8.210299148379655776e+01
8.463146681466440668e+01
8.595121625565124646e+01
8.632890315298963912e+01
8.618310160290637612e+01
8.715871739434375343e+01
8.649081274915329232e+01
8.693164788618720706e+01
8.818291228003306514e+01
8.572483009161902601e+01
8.563735301905470010e+01
8.619896104369507839e+01
8.715674702079256519e+01
8.553309175465422243e+01
8.555381598412174071e+01
8.479956472940752121e+01
8.384954677457230332e+01
8.439526716308084531e+01
8.520320565638230903e+01
8.535672128715685858e+01
8.493275798365672813e+01
8.465954599771566791e+01
8.392744089651694139e+01
8.418014752965058278e+01
8.452390240424099943e+01
8.390987521321622467e+01
8.450802581036043648e+01
8.498668059172290157e+01
8.535310740338151447e+01
8.664977210503839444e+01
8.661928218707402038e+01
