1.680000000000000000e+03
1.684500000000000000e+03
1.683533333333333303e+03
1.683896666666666761e+03
1.684790333333333365e+03
1.689144633333333331e+03
1.691230170000000044e+03
1.693573819666666850e+03
1.691383104366666885e+03
1.691561460596666848e+03
1.688338647870333261e+03
1.685221449749966723e+03
1.689265971441636793e+03
1.687706040964139675e+03
1.689368770201058851e+03
1.686615226514286405e+03
1.683420370529524462e+03
1.681878333476571925e+03
1.680273833462247921e+03
1.680679783449356364e+03
1.677595138437754031e+03
1.676568957927312113e+03
1.675778728801247553e+03
1.671384189254456032e+03
1.672295770329010338e+03
1.672882859962775910e+03
1.673544573966498319e+03
1.677828100987724838e+03
1.676163864533928290e+03
1.676780811413868832e+03
1.679069396939148646e+03
1.680395790578567130e+03
1.679972878187377091e+03
1.677642257035306102e+03
1.728665875198069443e+03
1.726385197467603120e+03
1.719480011054176202e+03
1.712198676615425029e+03
1.710812142287215920e+03
1.708947594725161025e+03
1.705402835252644763e+03
1.702412551727380333e+03
1.696504629887975625e+03
1.699970833565844714e+03
1.697690416875926985e+03
1.693054708521667635e+03
1.690482571002834220e+03
1.687900980569217609e+03
1.684760882512295666e+03
1.684534794261066054e+03
1.687214648168292797e+03
1.683026516684796889e+03
1.680690531682983874e+03
1.680804811848018744e+03
1.682074330663216870e+03
1.678950230930228372e+03
1.682688541170538883e+03
1.682886353720151646e+03
1.684214385014803156e+03
1.681909613179989492e+03
1.681351985195323778e+03
1.682150120009124748e+03
1.679301774674878970e+03
1.680871597207391005e+03
1.683184437486651859e+03
1.680665993737986582e+03
1.678916061030854507e+03
1.675774454927769057e+03
1.750635090671423086e+03
1.742520819979552243e+03
1.737985404648263739e+03
1.730686864183437365e+03
1.724334844431760303e+03
1.717584693321917712e+03
1.715042890656392728e+03
1.707238601590753433e+03
1.703781408098344855e+03
1.702536600621843718e+03
1.699882940559659346e+03
1.699594646503693411e+03
1.696701848519990790e+03
1.693614997001325037e+03
1.695370163967859071e+03
1.693066480904406490e+03
1.687143166147299098e+03
1.684462182865902605e+03
1.681265964579312367e+03
1.679522701454714479e+03
1.680420431309242986e+03
1.681311721511652195e+03
1.679430549360487021e+03
1.679637494424438273e+03
1.678057078315327772e+03
1.677451370483795017e+03
1.676656233435415515e+03
1.675923943425207199e+03
1.675831549082686479e+03
1.675065060841084460e+03
1.679008554756976082e+03
1.682307699281278474e+03
1.681760262686484111e+03
1.678500903084502170e+03
1.680767479442718468e+03
1.683207398165113318e+03
1.681903325015268592e+03
1.679946325847075059e+03
1.678518359929034204e+03
1.676716523936130670e+03
1.679094871542517694e+03
1.686668059041355718e+03
1.687745932977491748e+03
1.687121339679742505e+03
1.686042539045101421e+03
1.684454951807257885e+03
1.682176123293198543e+03
1.681758510963878734e+03
1.682849326534157626e+03
1.684847727214075121e+03
1.694819069089314553e+03
1.690804373221783408e+03
1.686523935899605021e+03
1.686554875642978004e+03
1.686999388078680113e+03
1.686799449270812147e+03
1.685702837677064281e+03
1.683582553909358012e+03
1.685590965185088862e+03
1.680965201999913461e+03
1.682718681799922024e+03
1.645095873496583181e+03
1.649853971616058516e+03
1.651468574454452664e+03
1.654688383675674004e+03
1.661569545308106626e+03
1.664612590777295964e+03
1.668701331699566254e+03
1.668897865196276371e+03
1.670324745343315271e+03
1.672258937475650555e+03
1.675199710394751946e+03
1.671746406021943358e+03
1.669488432086415742e+03
1.669989588877774167e+03
1.669457296656663402e+03
1.668111566990997062e+03
1.734784127268647353e+03
1.729130706868914103e+03
1.722317636182022625e+03
1.720169205897153688e+03
1.714035618640771645e+03
1.710398723443361177e+03
1.706075517765691757e+03
1.702117965989122467e+03
1.699689502723543455e+03
1.696437219117855875e+03
1.693260163872736939e+03
1.688784147485463109e+03
1.688322399403583404e+03
1.686406826129891670e+03
1.685882810183569063e+03
1.684494529165212271e+03
1.685311742915357627e+03
1.685347235290488470e+03
1.681445845094772949e+03
1.681451260585295586e+03
1.681289467860099421e+03
1.679377187740756199e+03
1.680639468966680624e+03
1.679058855403345888e+03
1.676152969863011322e+03
1.673637672876710212e+03
1.674957238922372653e+03
1.674294848363468645e+03
1.676798696860455038e+03
1.676452160507742747e+03
1.674673611123635055e+03
1.676956250011271550e+03
1.675777291676811046e+03
1.675266229175796525e+03
1.674422939591550403e+03
1.673513978965728711e+03
1.674462581069155931e+03
1.678066322962240292e+03
1.676393023999349452e+03
1.674637054932747787e+03
1.676056682772806198e+03
1.677001014495525624e+03
1.678167579712639736e+03
1.674800821741375785e+03
1.673537406233904903e+03
1.674183665610514481e+03
1.673748632382796359e+03
1.676757102477849912e+03
1.676348058896731573e+03
1.674829919673725044e+03
1.673730261039685729e+03
1.673223901602383648e+03
1.675018178108811981e+03
1.672333026964597366e+03
1.674416390934804213e+03
1.673091418507990284e+03
1.674232276657191278e+03
1.676825715658138733e+03
1.676243144092324883e+03
1.673585496349759069e+03
1.674760280048116556e+03
1.672100918709971438e+03
1.673057493505641105e+03
1.677401744155076813e+03
1.677478236406235737e+03
1.675097079432278861e+03
1.676770704822384232e+03
1.677993634340145718e+03
1.676677604239464472e+03
1.675026510482184676e+03
1.672923859433966300e+03
1.674881473490569761e+03
1.678159992808179368e+03
1.676360660194028014e+03
1.676741260841291933e+03
1.678933801423829436e+03
1.677390421281446379e+03
1.678934712486635135e+03
1.675441241237971553e+03
1.676380450447507883e+03
1.677809072069423792e+03
1.679328164862481344e+03
1.680212015042899793e+03
1.680724146871943049e+03
1.679018398851415441e+03
1.672416558966273897e+03
1.671258236402979719e+03
1.671982412762681633e+03
1.671400838153080031e+03
1.669310754337772096e+03
1.701964841019226469e+03
1.697871987008332326e+03
1.695268121640832305e+03
1.693324642810082423e+03
1.692525511862407484e+03
1.691756294009500152e+03
1.689047331275216948e+03
1.682692598147695207e+03
1.681956671666259126e+03
1.681027671166299797e+03
1.681441570716336400e+03
1.676747413644702874e+03
1.679656005613565867e+03
1.682923738385542720e+03
1.683881364546988380e+03
1.684809894758956261e+03
1.679612238616394052e+03
1.680401014754754669e+03
1.678627579945945854e+03
1.678748155284684572e+03
1.680040006422882925e+03
1.678669339113927890e+03
1.680702405202534919e+03
1.675848831348948124e+03
1.672930614880719986e+03
1.671687553392647942e+03
1.672985464720049777e+03
1.673853584914711519e+03
1.672851559756573579e+03
1.673599737114249592e+03
1.673123096736157777e+03
1.675627453729208582e+03
1.673248041689621004e+03
1.675189904187325510e+03
1.673720913768592936e+03
1.675682155725066877e+03
1.676780606819226705e+03
1.674385879470637292e+03
1.673130624856906707e+03
1.672317562371216127e+03
1.673319139467427931e+03
1.674453892187351812e+03
1.675575169635283373e+03
1.676467652671755104e+03
1.674854220737913010e+03
1.670285465330788156e+03
1.672940252131042598e+03
1.671662893584604944e+03
1.673063270892811033e+03
1.672806943803529975e+03
1.670726249423177023e+03
1.672070291147525950e+03
1.671579928699440188e+03
1.674938602496162957e+03
1.676678075579879987e+03
1.678326934688558595e+03
1.677377574553036084e+03
1.673789817097732339e+03
1.669894168721292544e+03
1.669788085182496616e+03
1.670509276664246954e+03
1.672425015664488910e+03
1.669549180764706534e+03
1.671360929354902510e+03
1.674541503086078819e+03
1.673387352777470824e+03
1.671748617499723878e+03
1.673057089083084975e+03
1.673784713508109917e+03
1.672456242157298902e+03
1.674993951274902429e+03
1.671977889480745489e+03
1.678406385030701131e+03
1.678406385030701131e+03
1.678406385030701131e+03
1.678406385030701131e+03
1.678406385030701131e+03
1.678406385030701131e+03
1.678406385030701131e+03
1.678406385030701131e+03
1.678406385030701131e+03
1.678406385030701131e+03
1.678406385030701131e+03
1.678406385030701131e+03
1.678406385030701131e+03
1.678406385030701131e+03
1.678406385030701131e+03
1.678406385030701131e+03
1.678406385030701131e+03
1.678406385030701131e+03
1.678406385030701131e+03
1.678406385030701131e+03
1.678406385030701131e+03
1.678406385030701131e+03
1.678406385030701131e+03
1.678406385030701131e+03
1.678406385030701131e+03
1.678406385030701131e+03
1.678406385030701131e+03
1.678406385030701131e+03
1.678406385030701131e+03
1.678406385030701131e+03
1.678406385030701131e+03
1.678406385030701131e+03
1.678406385030701131e+03
1.678406385030701131e+03
1.678406385030701131e+03
1.678406385030701131e+03
1.678406385030701131e+03
1.678406385030701131e+03
1.678406385030701131e+03
1.678406385030701131e+03
1.678406385030701131e+03
1.678406385030701131e+03
1.678406385030701131e+03
1.678406385030701131e+03
1.678406385030701131e+03
1.678406385030701131e+03
1.678406385030701131e+03
1.678406385030701131e+03
1.678406385030701131e+03
1.678406385030701131e+03
1.689123695050255265e+03
1.687077992211896344e+03
1.683903526324040058e+03
1.676063173691635939e+03
1.674373522989139019e+03
1.674202837356891905e+03
1.676432553621202715e+03
1.677805964925749095e+03
1.675542035099840859e+03
1.677621164923190008e+03
1.676209048430871007e+03
1.679171476921117119e+03
1.673204329229005452e+03
1.671850562972771741e+03
1.677515506675494407e+03
1.675713956007944944e+03
1.677825893740483934e+03
1.678293304366435677e+03
1.674730640596458898e+03
1.674890909870146288e+03
1.673801818883131546e+03
1.672604970328151921e+03
1.674311139962003381e+03
1.670863359299136391e+03
1.670193690035889631e+03
1.673174321032300668e+03
1.671273555595737434e+03
1.668712866702830297e+03
1.664858246699213851e+03
1.664005755362625678e+03
1.666338513159696504e+03
1.669371328510393596e+03
1.715690285552106388e+03
1.705472135199040622e+03
1.705091588345803302e+03
1.699482429511223017e+03
1.698234186560100852e+03
1.695227434570757396e+03
1.689804691113681656e+03
1.684907555335646748e+03
1.684733466468748702e+03
1.676276786488540438e+03
1.672049107839686258e+03
1.673944197055717495e+03
1.677483110683479026e+03
1.673584799615131033e+03
1.672159652986951187e+03
1.673993687688256159e+03
1.676477652252763846e+03
1.674879887027487484e+03
1.675325231658071971e+03
1.676942708492264728e+03
1.679215104309704884e+03
1.678376927212067585e+03
1.682522567824194311e+03
1.681036977708441555e+03
1.678899946604264187e+03
1.682376618610504465e+03
1.681072290082787276e+03
1.684831727741175200e+03
1.683815221633724377e+03
1.685200366137018591e+03
1.685446996189983338e+03
1.685618963237651769e+03
1.689123733580553335e+03
1.686444693555831464e+03
1.682700224200248158e+03
1.681230201780223297e+03
1.680773848268867823e+03
1.682096463441980859e+03
1.679503483764449356e+03
1.680886468721337678e+03
1.684564488515870607e+03
1.683141372997616827e+03
1.684077235697855258e+03
1.684886178794736452e+03
1.682830894248595996e+03
1.681064471490403093e+03
1.685008024341362670e+03
1.685357221907226403e+03
1.683988166383170210e+03
1.683289349744853325e+03
1.684277081437034667e+03
1.684399373293331109e+03
1.682709435963997976e+03
1.681038492367598110e+03
1.683301309797504928e+03
1.682104512151087647e+03
1.684077394269312208e+03
1.682469654842381033e+03
1.682406022691476210e+03
1.683298753755661892e+03
1.681702211713429051e+03
1.680698657208752593e+03
1.679595458154544076e+03
1.680552579005756343e+03
1.681747321105180845e+03
1.680489255661329480e+03
1.679173663428529835e+03
1.678522963752343458e+03
1.679004000710442369e+03
1.676603600639398110e+03
1.676909907242124973e+03
1.678585583184579036e+03
1.677327024866121064e+03
1.678060989046175791e+03
1.679254890141558235e+03
1.680879401127402389e+03
1.678741461014662264e+03
1.681033981579862484e+03
1.679730583421876190e+03
1.678624191746355109e+03
1.679411772571719439e+03
1.677120595314547700e+03
1.679058535783092793e+03
1.681619348871450256e+03
1.680357413984305140e+03
1.676388339252541300e+03
1.676132838660620337e+03
1.673952888127891583e+03
1.674507599315102425e+03
1.672706839383592069e+03
1.674802822111899559e+03
1.674355873234042974e+03
1.675886952577305465e+03
1.676314923986241638e+03
1.677200098254284057e+03
1.674730088428855652e+03
1.672840412919303390e+03
1.676689704960706194e+03
1.673937401131302067e+03
1.676160327684838421e+03
1.674377628249687859e+03
1.678939865424719073e+03
1.680512545548913977e+03
1.676161290994022693e+03
1.677445161894620242e+03
1.681817312371824755e+03
1.683568914467975446e+03
1.678062023021177765e+03
1.680972487385726708e+03
1.682025238647153856e+03
1.682822714782438425e+03
